50
-1 22 -1 22 -1 -1 -1 -1 -1 21 -1 24 29 -1 -1 -1 29 -1 24 -1 26 24 23 -1 12 23 22 27 27 -1 23 -1 -1 26 -1 25 -1 -1 11 26 21 -1 25 -1 -1 -1 26 -1 -1 -1 
22 -1 23 7 25 -1 27 -1 26 23 -1 -1 30 26 -1 27 -1 -1 -1 28 -1 7 23 25 -1 28 31 18 22 24 -1 23 26 25 23 24 22 27 -1 27 28 -1 -1 24 28 26 22 25 -1 27 
-1 23 -1 -1 -1 -1 -1 -1 -1 20 -1 -1 26 25 -1 -1 23 -1 -1 27 23 -1 20 -1 29 21 26 16 24 22 24 22 -1 -1 23 22 24 23 -1 12 22 18 21 23 -1 -1 -1 22 22 24 
22 7 -1 -1 5 -1 20 -1 26 -1 -1 -1 23 -1 23 27 30 25 23 -1 -1 21 21 30 20 -1 30 25 22 -1 -1 25 -1 27 -1 -1 -1 -1 -1 24 -1 -1 24 26 -1 -1 24 -1 27 -1 
-1 25 -1 5 -1 -1 24 28 26 28 26 23 -1 23 25 -1 -1 -1 -1 -1 -1 25 21 28 -1 27 23 -1 22 22 28 10 24 -1 -1 -1 -1 31 15 -1 26 -1 26 30 21 25 -1 23 -1 25 
-1 -1 -1 -1 -1 -1 -1 27 -1 29 23 -1 -1 23 -1 24 -1 -1 -1 31 -1 22 11 -1 26 21 25 -1 20 25 -1 -1 25 27 -1 -1 -1 25 -1 22 -1 10 -1 -1 -1 25 -1 20 20 -1 
-1 27 -1 20 24 -1 -1 28 -1 21 25 -1 -1 -1 23 -1 23 21 13 -1 12 25 -1 23 -1 -1 -1 -1 -1 -1 -1 -1 24 26 30 25 24 -1 -1 -1 24 20 25 -1 -1 22 -1 28 25 22 
-1 -1 -1 -1 28 27 28 -1 24 -1 19 24 28 20 -1 15 20 -1 -1 -1 11 28 21 -1 -1 -1 25 -1 22 23 -1 -1 28 23 -1 25 -1 24 -1 -1 24 24 26 -1 27 25 -1 -1 -1 33 
-1 26 -1 26 26 -1 -1 24 -1 -1 -1 22 21 26 24 -1 -1 -1 29 24 29 -1 25 22 -1 25 -1 8 6 -1 21 25 27 -1 -1 25 -1 -1 20 -1 -1 23 24 30 22 -1 26 23 -1 25 
21 23 20 -1 28 29 21 -1 -1 -1 26 23 9 -1 -1 -1 -1 25 23 -1 23 -1 -1 -1 -1 -1 -1 -1 -1 27 23 21 -1 -1 -1 -1 25 -1 22 22 24 27 25 -1 13 -1 -1 26 18 -1 
-1 -1 -1 -1 26 23 25 19 -1 26 -1 22 23 25 25 -1 27 27 24 -1 -1 27 25 9 27 -1 24 -1 26 21 -1 26 22 22 -1 -1 -1 26 -1 24 -1 -1 29 22 -1 25 -1 -1 11 23 
24 -1 -1 -1 23 -1 -1 24 22 23 22 -1 -1 23 -1 -1 7 -1 -1 28 18 24 25 -1 24 -1 -1 25 -1 -1 28 24 -1 26 -1 24 24 22 26 29 -1 27 -1 -1 -1 27 18 -1 8 26 
29 30 26 23 -1 -1 -1 28 21 9 23 -1 -1 -1 21 29 -1 -1 -1 -1 21 27 -1 23 24 25 -1 -1 22 -1 26 -1 25 8 23 -1 -1 28 22 22 30 -1 29 25 -1 26 -1 24 -1 21 
-1 26 25 -1 23 23 -1 20 26 -1 25 23 -1 -1 26 -1 -1 -1 -1 -1 27 19 26 29 26 24 -1 23 23 22 27 -1 -1 -1 -1 -1 22 25 27 -1 28 -1 12 9 -1 -1 25 25 -1 29 
-1 -1 -1 23 25 -1 23 -1 24 -1 25 -1 21 26 -1 26 25 24 -1 -1 -1 26 -1 24 -1 8 22 27 -1 11 25 -1 -1 27 -1 20 -1 23 -1 -1 -1 -1 29 -1 -1 28 -1 20 -1 22 
-1 27 -1 27 -1 24 -1 15 -1 -1 -1 -1 29 -1 26 -1 32 -1 30 -1 26 -1 -1 27 -1 -1 22 24 23 -1 -1 25 -1 28 -1 27 27 21 24 -1 19 25 26 24 21 8 -1 26 -1 20 
29 -1 23 30 -1 -1 23 20 -1 -1 27 7 -1 -1 25 32 -1 27 28 -1 29 24 -1 23 26 -1 -1 -1 19 -1 9 21 -1 -1 19 24 25 -1 28 22 -1 -1 21 30 -1 -1 24 21 23 24 
-1 -1 -1 25 -1 -1 21 -1 -1 25 27 -1 -1 -1 24 -1 27 -1 26 24 -1 26 -1 28 -1 22 -1 -1 -1 27 -1 29 22 24 12 30 -1 -1 -1 17 -1 28 29 23 -1 25 21 27 22 11 
24 -1 -1 23 -1 -1 13 -1 29 23 24 -1 -1 -1 -1 30 28 26 -1 29 -1 -1 30 -1 23 -1 24 -1 25 -1 -1 26 25 -1 -1 24 -1 28 26 -1 -1 28 26 -1 -1 -1 -1 5 -1 -1 
-1 28 27 -1 -1 31 -1 -1 24 -1 -1 28 -1 -1 -1 -1 -1 24 29 -1 -1 10 -1 -1 30 -1 10 22 24 23 22 -1 22 29 29 25 25 -1 -1 -1 25 27 27 -1 -1 27 -1 23 26 25 
26 -1 23 -1 -1 -1 12 11 29 23 -1 18 21 27 -1 26 29 -1 -1 -1 -1 -1 -1 22 24 22 23 -1 30 -1 28 20 24 26 24 -1 23 26 25 19 30 26 22 23 26 24 -1 -1 26 19 
24 7 -1 21 25 22 25 28 -1 -1 27 24 27 19 26 -1 24 26 -1 10 -1 -1 24 28 -1 25 -1 20 23 26 -1 23 -1 -1 -1 23 19 20 -1 25 21 21 24 -1 -1 35 21 -1 29 -1 
23 23 20 21 21 11 -1 21 25 -1 25 25 -1 26 -1 -1 -1 -1 30 -1 -1 24 -1 26 -1 -1 24 21 25 25 31 -1 19 -1 22 24 22 22 23 5 22 -1 -1 -1 -1 28 -1 -1 -1 28 
-1 25 -1 30 28 -1 23 -1 22 -1 9 -1 23 29 24 27 23 28 -1 -1 22 28 26 -1 22 8 -1 23 24 -1 24 27 24 -1 -1 24 -1 26 25 29 -1 30 21 28 -1 25 23 -1 25 21 
12 -1 29 20 -1 26 -1 -1 -1 -1 27 24 24 26 -1 -1 26 -1 23 30 24 -1 -1 22 -1 -1 -1 -1 28 24 27 22 22 21 26 25 -1 -1 30 27 -1 7 -1 -1 27 29 -1 -1 -1 24 
23 28 21 -1 27 21 -1 -1 25 -1 -1 -1 25 24 8 -1 -1 22 -1 -1 22 25 -1 8 -1 -1 25 -1 -1 23 -1 22 -1 -1 -1 -1 -1 17 -1 -1 -1 31 23 26 -1 -1 -1 19 -1 29 
22 31 26 30 23 25 -1 25 -1 -1 24 -1 -1 -1 22 22 -1 -1 24 10 23 -1 24 -1 -1 25 -1 25 25 23 26 -1 25 23 24 26 -1 29 -1 -1 8 29 25 -1 21 -1 25 -1 20 -1 
27 18 16 25 -1 -1 -1 -1 8 -1 -1 25 -1 23 27 24 -1 -1 -1 22 -1 20 21 23 -1 -1 25 -1 -1 -1 21 -1 26 -1 -1 -1 26 31 26 28 27 -1 -1 -1 -1 16 22 21 -1 -1 
27 22 24 22 22 20 -1 22 6 -1 26 -1 22 23 -1 23 19 -1 25 24 30 23 25 24 28 -1 25 -1 -1 -1 -1 -1 -1 33 -1 -1 32 -1 -1 34 -1 -1 6 -1 -1 23 -1 24 -1 -1 
-1 24 22 -1 22 25 -1 23 -1 27 21 -1 -1 22 11 -1 -1 27 -1 23 -1 26 25 -1 24 23 23 -1 -1 -1 28 27 -1 20 -1 25 -1 -1 24 25 26 22 20 -1 -1 8 26 29 -1 29 
23 -1 24 -1 28 -1 -1 -1 21 23 -1 28 26 27 25 -1 9 -1 -1 22 28 -1 31 24 27 -1 26 21 -1 28 -1 23 29 -1 -1 -1 -1 27 -1 -1 21 21 24 -1 26 28 -1 26 26 13 
-1 23 22 25 10 -1 -1 -1 25 21 26 24 -1 -1 -1 25 21 29 26 -1 20 23 -1 27 22 22 -1 -1 -1 27 23 -1 -1 -1 -1 27 20 10 21 -1 23 -1 -1 -1 20 24 20 25 21 26 
-1 26 -1 -1 24 25 24 28 27 -1 22 -1 25 -1 -1 -1 -1 22 25 22 24 -1 19 24 22 -1 25 26 -1 -1 29 -1 -1 -1 26 -1 22 15 6 -1 26 24 -1 -1 23 -1 25 30 23 24 
26 25 -1 27 -1 27 26 23 -1 -1 22 26 8 -1 27 28 -1 24 -1 29 26 -1 -1 -1 21 -1 23 -1 33 20 -1 -1 -1 -1 23 -1 26 -1 24 20 32 23 21 -1 24 -1 27 8 -1 29 
-1 23 23 -1 -1 -1 30 -1 -1 -1 -1 -1 23 -1 -1 -1 19 12 -1 29 24 -1 22 -1 26 -1 24 -1 -1 -1 -1 -1 26 23 -1 7 -1 -1 -1 23 -1 24 25 -1 24 -1 30 23 25 -1 
25 24 22 -1 -1 -1 25 25 25 -1 -1 24 -1 -1 20 27 24 30 24 25 -1 23 24 24 25 -1 26 -1 -1 25 -1 27 -1 -1 7 -1 9 -1 25 24 -1 26 23 28 28 -1 -1 23 32 -1 
-1 22 24 -1 -1 -1 24 -1 -1 25 -1 24 -1 22 -1 27 25 -1 -1 25 23 19 22 -1 -1 -1 -1 26 32 -1 -1 20 22 26 -1 9 -1 28 -1 28 13 32 23 -1 25 24 23 -1 23 -1 
-1 27 23 -1 31 25 -1 24 -1 -1 26 22 28 25 23 21 -1 -1 28 -1 26 20 22 26 -1 17 29 31 -1 -1 27 10 15 -1 -1 -1 28 -1 26 32 -1 -1 -1 -1 23 25 27 23 28 -1 
11 -1 -1 -1 15 -1 -1 -1 20 22 -1 26 22 27 -1 24 28 -1 26 -1 25 -1 23 25 30 -1 -1 26 -1 24 -1 21 6 24 -1 25 -1 26 -1 22 24 26 26 -1 24 24 24 23 27 -1 
26 27 12 24 -1 22 -1 -1 -1 22 24 29 22 -1 -1 -1 22 17 -1 -1 19 25 5 29 27 -1 -1 28 34 25 -1 -1 -1 20 23 24 28 32 22 -1 -1 -1 18 -1 22 -1 24 23 23 30 
21 28 22 -1 26 -1 24 24 -1 24 -1 -1 30 28 -1 19 -1 -1 -1 25 30 21 22 -1 -1 -1 8 27 -1 26 21 23 26 32 -1 -1 13 -1 24 -1 -1 27 30 -1 29 19 -1 27 23 22 
-1 -1 18 -1 -1 10 20 24 23 27 -1 27 -1 -1 -1 25 -1 28 28 27 26 21 -1 30 7 31 29 -1 -1 22 21 -1 24 23 24 26 32 -1 26 -1 27 -1 27 -1 26 21 27 24 -1 27 
25 -1 21 24 26 -1 25 26 24 25 29 -1 29 12 29 26 21 29 26 27 22 24 -1 21 -1 23 25 -1 6 20 24 -1 -1 21 25 23 23 -1 26 18 30 27 -1 -1 -1 -1 21 -1 24 22 
-1 24 23 26 30 -1 -1 -1 30 -1 22 -1 25 9 -1 24 30 23 -1 -1 23 -1 -1 28 -1 26 -1 -1 -1 -1 -1 -1 -1 -1 -1 28 -1 -1 -1 -1 -1 -1 -1 -1 24 21 4 -1 23 -1 
-1 28 -1 -1 21 -1 -1 27 22 13 -1 -1 -1 -1 -1 21 -1 -1 -1 -1 26 -1 -1 -1 27 -1 21 -1 -1 -1 26 20 23 24 24 28 25 23 24 22 29 26 -1 24 -1 25 11 -1 -1 -1 
-1 26 -1 -1 25 25 22 25 -1 -1 25 27 26 -1 28 8 -1 25 -1 27 24 35 28 25 29 -1 -1 16 23 8 28 24 -1 -1 -1 -1 24 25 24 -1 19 21 -1 21 25 -1 26 20 21 24 
26 22 -1 24 -1 -1 -1 -1 26 -1 -1 18 -1 25 -1 -1 24 21 -1 -1 -1 21 -1 23 -1 -1 25 22 -1 26 -1 20 25 27 30 -1 23 27 24 24 -1 27 21 4 11 26 -1 30 24 26 
-1 25 22 -1 23 20 28 -1 23 26 -1 -1 24 25 20 26 21 27 5 23 -1 -1 -1 -1 -1 19 -1 21 24 29 26 25 30 8 23 23 -1 23 23 23 27 24 -1 -1 -1 20 30 -1 25 26 
-1 -1 22 27 -1 20 25 -1 -1 18 11 8 -1 -1 -1 -1 23 22 -1 26 26 29 -1 25 -1 -1 20 -1 -1 -1 26 21 23 -1 25 32 23 28 27 23 23 -1 24 23 -1 21 24 25 -1 28 
-1 27 24 -1 25 -1 22 33 25 -1 23 26 21 29 22 20 24 11 -1 25 19 -1 28 21 24 29 -1 -1 -1 29 13 26 24 29 -1 -1 -1 -1 -1 30 22 27 22 -1 -1 24 26 26 28 -1 